9.0
58.0
62.0
108.0
132.0
120.0
120.0
120.0
57.0
36.0
26.0
22.0
24.0
28.0
43.0
124.0
120.0
120.0
120.0
120.0
120.0
480.0
360.0
240.0
240.0
240.0
240.0
360.0
480.0
1200.0
600.0
120.0
240.0
480.0
240.0
2040.0
240.0
1080.0
240.0
240.0
120.0
1440.0
840.0
480.0
240.0
240.0
120.0
120.0
240.0
120.0
240.0
240.0
120.0
240.0
240.0
120.0
240.0
360.0
120.0
240.0
360.0
120.0
360.0
480.0
600.0
240.0
360.0
600.0
240.0
120.0
120.0
120.0
120.0
120.0
120.0
120.0
120.0
120.0
120.0
120.0
120.0
120.0
120.0
120.0
120.0
240.0
240.0
240.0
120.0
120.0
120.0
120.0
120.0
120.0
120.0
120.0
120.0
120.0
120.0
120.0
120.0
120.0
120.0
120.0
120.0
240.0
120.0
120.0
600.0
2880.0
240.0
480.0
240.0
360.0
480.0
120.0
1200.0
240.0
120.0
480.0
240.0
360.0
120.0
360.0
120.0
120.0
120.0
120.0
120.0
120.0
240.0
240.0
120.0
120.0
480.0
120.0
120.0
120.0
120.0
120.0
120.0
120.0
120.0
120.0
120.0
120.0
120.0
120.0
120.0
120.0
240.0
120.0
1200.0
360.0
120.0
240.0
120.0
120.0
240.0
120.0
120.0
120.0
120.0
720.0
360.0
120.0
120.0
240.0
120.0
120.0
120.0
120.0
120.0
37.0
16.0
15.0
14.0
16.0
18.0
4.0
20.0
27.0
40.0
33.0
82.0
38.0
55.0
65.0
105.0
15.0
68.0
52.0
120.0
120.0
120.0
120.0
120.0
120.0
120.0
120.0
120.0
120.0
120.0
120.0
120.0
120.0
120.0
120.0
120.0
120.0
120.0
120.0
120.0
120.0
120.0
120.0
120.0
120.0
120.0
120.0
120.0
120.0
120.0
120.0
120.0
120.0
120.0
120.0
120.0
120.0
120.0
120.0
120.0
120.0
120.0
120.0
120.0
120.0
120.0
120.0
120.0
120.0
120.0
120.0
120.0
120.0
120.0
120.0
120.0
120.0
120.0
120.0
120.0
120.0
120.0
120.0
120.0
120.0
120.0
120.0
120.0
120.0
120.0
120.0
120.0
120.0
240.0
120.0
120.0
120.0
120.0
120.0
120.0
120.0
120.0
120.0
120.0
120.0
120.0
120.0
120.0
120.0
120.0
120.0
120.0
120.0
120.0
120.0
120.0
120.0
120.0
120.0
120.0
120.0
120.0
120.0
240.0
240.0
120.0
240.0
120.0
120.0
240.0
120.0
240.0
240.0
120.0
120.0
120.0
120.0
120.0
120.0
240.0
240.0
120.0
120.0
240.0
120.0
120.0
120.0
120.0
120.0
240.0
120.0
120.0
360.0
720.0
120.0
600.0
81.0
39.0
120.0
120.0
120.0
120.0
120.0
240.0
240.0
120.0
120.0
120.0
65.0
47.0
8.0
37.0
34.0
31.0
18.0
26.0
26.0
24.0
24.0
20.0
20.0
20.0
20.0
21.0
19.0
20.0
19.0
23.0
22.0
24.0
23.0
9.0
23.0
26.0
25.0
28.0
18.0
28.0
33.0
35.0
24.0
37.0
46.0
37.0
