79.0
41.0
120.0
120.0
120.0
120.0
120.0
55.0
25.0
21.0
19.0
19.0
22.0
32.0
47.0
120.0
120.0
120.0
120.0
120.0
120.0
480.0
960.0
240.0
480.0
720.0
1200.0
360.0
240.0
240.0
240.0
2400.0
240.0
3480.0
600.0
240.0
240.0
120.0
120.0
240.0
240.0
120.0
360.0
360.0
120.0
240.0
240.0
240.0
120.0
240.0
240.0
120.0
480.0
120.0
240.0
240.0
600.0
120.0
480.0
360.0
120.0
120.0
120.0
120.0
120.0
120.0
120.0
120.0
120.0
120.0
120.0
120.0
120.0
120.0
120.0
120.0
120.0
120.0
120.0
240.0
360.0
120.0
120.0
240.0
120.0
120.0
120.0
120.0
120.0
360.0
120.0
120.0
120.0
120.0
120.0
120.0
120.0
120.0
120.0
120.0
240.0
120.0
960.0
1560.0
360.0
120.0
1920.0
120.0
120.0
120.0
240.0
120.0
840.0
120.0
240.0
120.0
240.0
480.0
120.0
1800.0
360.0
240.0
360.0
120.0
360.0
360.0
120.0
120.0
1200.0
600.0
360.0
960.0
240.0
120.0
720.0
480.0
120.0
120.0
240.0
120.0
120.0
360.0
240.0
47.0
23.0
26.0
24.0
30.0
36.0
47.0
7.0
120.0
120.0
65.0
55.0
120.0
120.0
120.0
120.0
120.0
120.0
120.0
120.0
120.0
120.0
120.0
120.0
120.0
120.0
120.0
120.0
120.0
120.0
120.0
120.0
120.0
120.0
120.0
120.0
120.0
120.0
120.0
120.0
120.0
120.0
120.0
120.0
120.0
120.0
120.0
120.0
120.0
120.0
120.0
120.0
120.0
120.0
120.0
120.0
120.0
120.0
120.0
120.0
120.0
120.0
120.0
120.0
120.0
120.0
120.0
120.0
120.0
120.0
120.0
120.0
120.0
120.0
120.0
120.0
120.0
120.0
120.0
120.0
120.0
120.0
120.0
120.0
120.0
120.0
120.0
120.0
120.0
120.0
120.0
120.0
120.0
120.0
120.0
120.0
120.0
120.0
120.0
120.0
120.0
120.0
120.0
120.0
120.0
120.0
120.0
120.0
120.0
120.0
120.0
120.0
120.0
120.0
120.0
120.0
120.0
120.0
120.0
120.0
120.0
120.0
120.0
120.0
120.0
120.0
120.0
240.0
120.0
240.0
120.0
120.0
120.0
240.0
120.0
120.0
120.0
120.0
240.0
120.0
120.0
120.0
120.0
120.0
120.0
120.0
120.0
120.0
120.0
120.0
240.0
120.0
120.0
360.0
120.0
1200.0
79.0
41.0
120.0
120.0
120.0
120.0
240.0
120.0
360.0
120.0
120.0
68.0
47.0
40.0
35.0
34.0
16.0
28.0
27.0
27.0
25.0
13.0
24.0
23.0
23.0
24.0
25.0
25.0
26.0
27.0
29.0
14.0
27.0
32.0
30.0
31.0
33.0
35.0
39.0
13.0
40.0
49.0
31.0
