111.0
118.0
131.0
120.0
120.0
120.0
120.0
120.0
59.0
59.0
68.0
54.0
120.0
120.0
120.0
120.0
120.0
1080.0
120.0
240.0
360.0
240.0
360.0
2160.0
240.0
360.0
360.0
2280.0
4200.0
480.0
120.0
240.0
120.0
600.0
240.0
120.0
600.0
360.0
240.0
120.0
120.0
120.0
120.0
120.0
240.0
240.0
240.0
840.0
360.0
240.0
600.0
120.0
120.0
120.0
120.0
120.0
120.0
120.0
120.0
120.0
360.0
120.0
360.0
240.0
120.0
240.0
120.0
120.0
240.0
120.0
240.0
120.0
120.0
240.0
360.0
240.0
120.0
120.0
120.0
120.0
240.0
120.0
120.0
720.0
480.0
720.0
600.0
4320.0
5880.0
1560.0
1680.0
960.0
360.0
240.0
360.0
120.0
120.0
120.0
120.0
240.0
120.0
240.0
120.0
120.0
240.0
120.0
240.0
360.0
240.0
120.0
120.0
120.0
120.0
120.0
240.0
120.0
120.0
120.0
120.0
120.0
120.0
120.0
120.0
120.0
120.0
120.0
120.0
120.0
120.0
120.0
120.0
120.0
120.0
120.0
120.0
120.0
120.0
120.0
120.0
120.0
120.0
120.0
120.0
120.0
120.0
120.0
120.0
120.0
120.0
120.0
120.0
120.0
120.0
120.0
120.0
120.0
120.0
120.0
120.0
120.0
120.0
120.0
120.0
120.0
240.0
120.0
120.0
120.0
120.0
120.0
120.0
120.0
120.0
120.0
120.0
120.0
120.0
120.0
120.0
120.0
120.0
120.0
120.0
120.0
120.0
120.0
120.0
120.0
120.0
120.0
120.0
120.0
120.0
120.0
120.0
120.0
120.0
120.0
120.0
120.0
120.0
120.0
240.0
240.0
120.0
240.0
240.0
120.0
120.0
120.0
120.0
120.0
120.0
120.0
120.0
120.0
240.0
120.0
120.0
120.0
120.0
120.0
120.0
240.0
240.0
120.0
240.0
120.0
120.0
360.0
120.0
120.0
120.0
240.0
120.0
240.0
120.0
240.0
120.0
120.0
120.0
120.0
120.0
120.0
120.0
120.0
360.0
120.0
120.0
120.0
94.0
26.0
47.0
51.0
22.0
44.0
42.0
34.0
36.0
41.0
39.0
4.0
36.0
38.0
46.0
