17.0
2.0
3.0
4.0
4.0
51.0
18.0
74.0
41.0
5.0
26.0
24.0
19.0
8.0
18.0
22.0
3.0
24.0
23.0
19.0
20.0
24.0
10.0
20.0
22.0
17.0
16.0
20.0
13.0
12.0
18.0
19.0
18.0
18.0
10.0
19.0
18.0
23.0
31.0
25.0
27.0
14.0
20.0
17.0
16.0
16.0
18.0
15.0
18.0
46726.0
68.0
2.0
2.0
2.0
5.0
52.0
6.0
6.0
51.0
40.0
80.0
11.0
43.0
21.0
45.0
27.0
65.0
12.0
16.0
62.0
20.0
12.0
2.0
2.0
4.0
18.0
9.0
24.0
37.0
50.0
29.0
40.0
8.0
29.0
14.0
18.0
22.0
14.0
31.0
26.0
8.0
1.0
29.0
44.0
5.0
21.0
21.0
21.0
48.0
14.0
24.0
13.0
22.0
19.0
24.0
32.0
17.0
6.0
20.0
3.0
10.0
70.0
9.0
8.0
55.0
11.0
7.0
29.0
7.0
11.0
78.0
38.0
4.0
44.0
58.0
18.0
13.0
18.0
7.0
14.0
5.0
11.0
19.0
26.0
7.0
93.0
27.0
72.0
135.0
33.0
120.0
21.0
53.0
22.0
15.0
102.0
27.0
15.0
105.0
33.0
87.0
120.0
60.0
60.0
28.0
188.0
24.0
104.0
16.0
8.0
54.0
17.0
41.0
77.0
15.0
28.0
73.0
47.0
88.0
32.0
33.0
17.0
57.0
13.0
29.0
74.0
17.0
69.0
98.0
73.0
120.0
120.0
120.0
183.0
57.0
120.0
120.0
120.0
120.0
120.0
120.0
120.0
120.0
120.0
120.0
120.0
240.0
120.0
120.0
120.0
120.0
120.0
120.0
120.0
120.0
120.0
120.0
120.0
240.0
120.0
360.0
120.0
120.0
120.0
120.0
120.0
120.0
120.0
120.0
240.0
120.0
240.0
120.0
120.0
120.0
240.0
120.0
120.0
120.0
240.0
120.0
120.0
120.0
240.0
240.0
120.0
120.0
99.0
21.0
240.0
120.0
120.0
120.0
120.0
120.0
240.0
120.0
120.0
120.0
120.0
120.0
120.0
120.0
120.0
240.0
120.0
120.0
120.0
120.0
120.0
72.0
9.0
39.0
49.0
71.0
120.0
120.0
120.0
120.0
240.0
120.0
240.0
240.0
120.0
104.0
16.0
41.0
79.0
120.0
120.0
120.0
120.0
120.0
