1.0
1.0
1.0
1.0
1.0
1.0
1.0
1.0
1.0
1.0
1.0
1.0
1.0
1.0
1.0
1.0
1.0
1.0
1.0
1.0
1.0
1.0
1.0
1.0
1.0
1.0
1.0
1.0
1.0
1.0
1.0
1.0
1.0
1.0
1.0
1.0
1.0
1.0
1.0
1.0
1.0
1.0
1.0
1.0
1.0
1.0
1.0
1.0
1.0
1.0
2.0
1.0
1.0
1.0
1.0
1.0
9.0
56.0
120.0
120.0
120.0
120.0
120.0
240.0
120.0
53.0
4.0
63.0
120.0
120.0
120.0
120.0
240.0
120.0
120.0
120.0
120.0
17.0
1.0
102.0
240.0
240.0
120.0
120.0
120.0
120.0
120.0
120.0
120.0
120.0
120.0
120.0
120.0
240.0
120.0
120.0
120.0
120.0
120.0
120.0
120.0
120.0
120.0
120.0
120.0
120.0
120.0
120.0
120.0
120.0
120.0
120.0
120.0
120.0
240.0
120.0
120.0
120.0
120.0
12.0
5.0
103.0
120.0
120.0
120.0
120.0
120.0
120.0
92.0
1.0
2.0
1.0
24.0
240.0
1320.0
120.0
120.0
120.0
240.0
120.0
360.0
120.0
600.0
120.0
120.0
360.0
480.0
360.0
360.0
240.0
120.0
120.0
120.0
240.0
120.0
120.0
240.0
120.0
120.0
360.0
120.0
480.0
120.0
600.0
120.0
240.0
120.0
240.0
240.0
120.0
120.0
480.0
120.0
120.0
560.0
1.0
1.0
38.0
222.0
1.0
2.0
1.0
2.0
1.0
1.0
2.0
1.0
2.0
1.0
1.0
2.0
1.0
1.0
2.0
1.0
2.0
1.0
2.0
1.0
1.0
2.0
1.0
2.0
1.0
2.0
1.0
2.0
1.0
2.0
1.0
2.0
1.0
1.0
2.0
1.0
2.0
1.0
2.0
1.0
2.0
1.0
1.0
2.0
1.0
2.0
1.0
1.0
2.0
1.0
1.0
2.0
1.0
2.0
1.0
2.0
1.0
2.0
1.0
2.0
2.0
1.0
2.0
2.0
2.0
2.0
1.0
2.0
2.0
2.0
2.0
1.0
2.0
1.0
2.0
1.0
1.0
1.0
1.0
1.0
21.0
16.0
1.0
1.0
2.0
1.0
1.0
2.0
1.0
1.0
1.0
1.0
1.0
1.0
1.0
1.0
1.0
1.0
1.0
1.0
1.0
1.0
1.0
1.0
1.0
1.0
1.0
1.0
1.0
1.0
1.0
1.0
1.0
1.0
1.0
1.0
1.0
1.0
1.0
1.0
1.0
1.0
1.0
1.0
1.0
1.0
1.0
1.0
1.0
1.0
1.0
1.0
1.0
1.0
1.0
1.0
1.0
2.0
45.0
120.0
1320.0
120.0
120.0
240.0
120.0
120.0
240.0
83.0
2.0
2.0
1.0
1.0
2.0
1.0
2.0
1.0
2.0
1.0
2.0
1.0
2.0
1.0
1.0
2.0
1.0
2.0
1.0
1.0
2.0
1.0
2.0
1.0
2.0
1.0
2.0
1.0
2.0
1.0
2.0
1.0
2.0
1.0
2.0
1.0
1.0
2.0
1.0
2.0
1.0
2.0
1.0
1.0
2.0
1.0
2.0
1.0
1.0
2.0
1.0
2.0
1.0
1.0
2.0
1.0
2.0
1.0
2.0
1.0
2.0
1.0
2.0
2.0
2.0
1.0
2.0
2.0
1.0
2.0
2.0
1.0
2.0
2.0
1.0
1.0
2.0
1.0
1.0
304.0
1.0
2.0
1.0
1.0
1.0
1.0
1.0
1.0
1.0
1.0
1.0
1.0
1.0
1.0
1.0
1.0
1.0
1.0
1.0
1.0
1.0
1.0
1.0
1.0
1.0
1.0
1.0
1.0
1.0
1.0
1.0
1.0
1.0
1.0
1.0
1.0
1.0
1.0
1.0
1.0
1.0
1.0
1.0
1.0
1.0
1.0
1.0
1.0
1.0
1.0
1.0
1.0
1.0
1.0
1.0
1.0
1.0
3.0
35.0
120.0
120.0
120.0
120.0
240.0
120.0
360.0
120.0
120.0
120.0
120.0
120.0
41.0
3.0
76.0
120.0
120.0
120.0
120.0
240.0
120.0
240.0
120.0
120.0
120.0
120.0
120.0
120.0
120.0
120.0
120.0
240.0
120.0
120.0
120.0
15.0
12.0
93.0
120.0
120.0
120.0
120.0
120.0
120.0
120.0
120.0
120.0
120.0
120.0
120.0
120.0
120.0
120.0
120.0
120.0
120.0
120.0
99.0
1.0
20.0
120.0
120.0
120.0
120.0
120.0
8.0
10.0
34.0
1.0
4.0
3.0
37.0
24.0
5.0
53.0
5.0
2.0
5.0
28.0
21.0
120.0
120.0
120.0
360.0
120.0
120.0
120.0
120.0
120.0
120.0
120.0
120.0
120.0
120.0
120.0
120.0
360.0
120.0
120.0
120.0
120.0
120.0
120.0
120.0
120.0
120.0
120.0
120.0
240.0
120.0
120.0
120.0
120.0
120.0
120.0
120.0
240.0
120.0
120.0
120.0
240.0
120.0
240.0
120.0
120.0
240.0
120.0
240.0
240.0
120.0
120.0
120.0
120.0
120.0
240.0
120.0
120.0
120.0
120.0
120.0
120.0
120.0
240.0
120.0
120.0
240.0
120.0
120.0
120.0
120.0
120.0
120.0
120.0
120.0
120.0
120.0
240.0
240.0
120.0
240.0
120.0
120.0
120.0
120.0
120.0
120.0
120.0
24.0
2.0
1.0
2.0
1.0
2.0
1.0
2.0
1.0
2.0
1.0
2.0
2.0
1.0
2.0
1.0
1.0
2.0
1.0
2.0
1.0
2.0
1.0
1.0
2.0
1.0
2.0
1.0
2.0
1.0
2.0
1.0
2.0
1.0
2.0
1.0
1.0
2.0
1.0
2.0
1.0
2.0
1.0
2.0
1.0
1.0
2.0
1.0
1.0
2.0
1.0
2.0
1.0
2.0
1.0
2.0
1.0
2.0
1.0
2.0
1.0
2.0
2.0
2.0
1.0
1.0
2.0
1.0
2.0
2.0
2.0
1.0
2.0
2.0
1.0
2.0
1.0
1.0
1.0
1.0
237.0
1.0
1.0
1.0
1.0
1.0
1.0
1.0
1.0
1.0
1.0
1.0
1.0
1.0
1.0
1.0
1.0
1.0
1.0
1.0
1.0
1.0
1.0
1.0
1.0
1.0
1.0
1.0
1.0
1.0
1.0
1.0
1.0
1.0
1.0
1.0
1.0
1.0
1.0
1.0
1.0
1.0
1.0
1.0
1.0
1.0
1.0
1.0
1.0
1.0
1.0
1.0
1.0
1.0
2.0
1.0
1.0
1.0
19.0
25.0
240.0
120.0
120.0
120.0
120.0
120.0
120.0
120.0
120.0
120.0
120.0
120.0
120.0
120.0
120.0
120.0
240.0
120.0
120.0
120.0
120.0
120.0
120.0
120.0
240.0
120.0
120.0
120.0
120.0
120.0
120.0
120.0
120.0
120.0
120.0
120.0
120.0
120.0
120.0
120.0
240.0
240.0
120.0
67.0
15.0
38.0
240.0
240.0
120.0
120.0
120.0
120.0
120.0
120.0
120.0
120.0
120.0
120.0
120.0
120.0
80.0
2.0
2.0
1.0
2.0
1.0
1.0
2.0
29.0
720.0
240.0
240.0
120.0
120.0
120.0
480.0
120.0
120.0
120.0
120.0
120.0
120.0
360.0
2.0
1.0
117.0
360.0
480.0
120.0
77.0
12.0
31.0
360.0
240.0
240.0
360.0
120.0
480.0
240.0
240.0
120.0
240.0
120.0
840.0
120.0
120.0
120.0
120.0
480.0
240.0
120.0
120.0
120.0
120.0
120.0
360.0
120.0
120.0
120.0
120.0
120.0
120.0
240.0
80.0
1.0
1.0
10.0
2.0
2.0
1.0
2.0
1.0
1.0
2.0
1.0
1.0
2.0
1.0
2.0
1.0
2.0
1.0
2.0
1.0
1.0
2.0
1.0
2.0
1.0
2.0
1.0
2.0
1.0
2.0
1.0
1.0
2.0
1.0
2.0
1.0
2.0
1.0
1.0
2.0
1.0
2.0
1.0
2.0
1.0
1.0
2.0
2.0
1.0
2.0
1.0
2.0
1.0
2.0
1.0
2.0
1.0
1.0
2.0
1.0
2.0
2.0
1.0
2.0
2.0
2.0
2.0
2.0
1.0
2.0
2.0
2.0
2.0
2.0
1.0
2.0
1.0
1.0
1.0
1.0
1.0
31.0
44.0
1.0
1.0
1.0
1.0
1.0
1.0
1.0
1.0
1.0
1.0
1.0
1.0
1.0
1.0
1.0
1.0
1.0
1.0
1.0
1.0
1.0
1.0
1.0
1.0
1.0
1.0
1.0
1.0
1.0
1.0
1.0
1.0
1.0
1.0
1.0
1.0
1.0
1.0
1.0
1.0
1.0
1.0
1.0
2.0
1.0
1.0
1.0
1.0
1.0
1.0
1.0
1.0
1.0
1.0
1.0
1.0
1.0
2.0
16.0
240.0
120.0
360.0
120.0
720.0
240.0
240.0
240.0
131.0
2.0
1.0
